28
Gekko_japonicus              0.0000000 1.6728901 1.3706555 1.3864479 1.4537024 1.4486092 1.4640568 1.4021130 1.4515678 1.4495446 1.3590747 1.3636805 1.4112443 1.3376416 1.3808159 1.3306624 1.4505897 1.4292208 1.3938661 1.5317808 1.4703586 1.4137302 1.4261992 1.3013965 1.3456991 1.3570918 1.3551081 1.3563257 
Bufo_bufo                    1.6728901 0.0000000 0.6331082 0.6350264 0.8129995 0.8270051 0.6538602 0.6305136 0.8460691 0.8093357 0.8522085 0.8038772 0.7410596 0.6186985 0.7536146 0.5328892 0.7386277 0.7719773 0.7603843 0.8431913 0.8616974 0.7047815 0.6862534 0.7155693 0.8655362 0.8587350 0.5796084 0.8829580 
Protobothrops_mucrosquamatus 1.3706555 0.6331082 0.0000000 0.0168028 0.0555017 0.0553022 0.0505449 0.0555879 0.0475589 0.0512738 0.0710140 0.0822412 0.2302598 0.2277310 0.2338335 0.2473339 0.2209351 0.2281397 0.2080622 0.2099054 0.1939123 0.2051566 0.1865329 0.1910325 0.2248758 0.2309992 0.1949559 0.2289231 
Crotalus_tigris              1.3864479 0.6350264 0.0168028 0.0000000 0.0555547 0.0558369 0.0540194 0.0597317 0.0525212 0.0553428 0.0747278 0.0842626 0.2296020 0.2302863 0.2421443 0.2577454 0.2210966 0.2311127 0.2095851 0.2093759 0.1964502 0.2065842 0.1939634 0.1952881 0.2295814 0.2378319 0.2018393 0.2336672 
Thamnophis_sirtalis          1.4537024 0.8129995 0.0555017 0.0555547 0.0000000 0.0096981 0.0417717 0.0423510 0.1073763 0.0641488 0.1103693 0.1905713 0.4695571 0.2550163 0.4827557 0.2611504 0.4349231 0.4529108 0.2350964 0.6091969 0.4978386 0.3280492 0.2487934 0.2116736 0.5630772 0.5764809 0.2124681 0.5800638 
Thamnophis_elegans           1.4486092 0.8270051 0.0553022 0.0558369 0.0096981 0.0000000 0.0401301 0.0429247 0.1079337 0.0684094 0.1056551 0.1929138 0.4565448 0.2490926 0.5003035 0.2608798 0.4407276 0.4406590 0.2312423 0.5779387 0.4800010 0.3216135 0.2412241 0.2057982 0.5633453 0.5951664 0.2162864 0.5779766 
Notechis_scutatus            1.4640568 0.6538602 0.0505449 0.0540194 0.0417717 0.0401301 0.0000000 0.0130711 0.0399565 0.0426993 0.0698750 0.0781460 0.2550153 0.2289172 0.2720015 0.2564561 0.2395670 0.2613579 0.2195619 0.2785094 0.1933944 0.2467146 0.2108945 0.2040600 0.2430555 0.2437078 0.2393606 0.2393515 
Pseudonaja_textilis          1.4021130 0.6305136 0.0555879 0.0597317 0.0423510 0.0429247 0.0130711 0.0000000 0.0383939 0.0453799 0.0781999 0.0789716 0.2318877 0.2335131 0.2351657 0.2549507 0.2187759 0.2303334 0.2114880 0.2184640 0.1926938 0.2055111 0.1996956 0.1969119 0.2341870 0.2366590 0.2140749 0.2385384 
Pantherophis_guttatus        1.4515678 0.8460691 0.0475589 0.0525212 0.1073763 0.1079337 0.0399565 0.0383939 0.0000000 0.0598178 0.0982053 0.1927167 0.4450207 0.2420540 0.4603147 0.2579658 0.4164324 0.4493150 0.2269050 0.5873015 0.4478158 0.3160539 0.2302181 0.2031957 0.5038064 0.5177573 0.2148842 0.5271480 
Ahaetulla_prasina            1.4495446 0.8093357 0.0512738 0.0553428 0.0641488 0.0684094 0.0426993 0.0453799 0.0598178 0.0000000 0.0953814 0.1165604 0.3279377 0.2454378 0.3457776 0.2582851 0.3313188 0.3574406 0.2318926 0.4723617 0.3426276 0.3123114 0.2324820 0.2020842 0.3814454 0.3890915 0.2090815 0.3947641 
Python_bivittatus            1.3590747 0.8522085 0.0710140 0.0747278 0.1103693 0.1056551 0.0698750 0.0781999 0.0982053 0.0953814 0.0000000 0.0697120 0.2982881 0.2247600 0.3017686 0.2275085 0.2689560 0.2814658 0.2687953 0.3673034 0.3194080 0.2955511 0.2034385 0.2352322 0.3106353 0.3168093 0.1973233 0.3246784 
Candoia_aspera               1.3636805 0.8038772 0.0822412 0.0842626 0.1905713 0.1929138 0.0781460 0.0789716 0.1927167 0.1165604 0.0697120 0.0000000 0.4309854 0.2470770 0.4833606 0.2444106 0.4422002 0.4500724 0.2263258 0.5919258 0.4438857 0.3256447 0.2333221 0.2037412 0.5069756 0.5071633 0.2016413 0.5215640 
Eublepharis_macularius       1.4112443 0.7410596 0.2302598 0.2296020 0.4695571 0.4565448 0.2550153 0.2318877 0.4450207 0.3279377 0.2982881 0.4309854 0.0000000 0.1311493 0.2414285 0.1126804 0.3062528 0.3111561 0.1882903 0.5005978 0.3158559 0.2812908 0.2092321 0.1675315 0.3681172 0.3538354 0.1699282 0.3800300 
Heteronotia_binoei           1.3376416 0.6186985 0.2277310 0.2302863 0.2550163 0.2490926 0.2289172 0.2335131 0.2420540 0.2454378 0.2247600 0.2470770 0.1311493 0.0000000 0.1332027 0.0913518 0.1964456 0.2000038 0.1873978 0.2277760 0.1662783 0.2395668 0.1918881 0.1745327 0.2031138 0.2016847 0.1716211 0.2136219 
Sphaerodactylus_townsendi    1.3808159 0.7536146 0.2338335 0.2421443 0.4827557 0.5003035 0.2720015 0.2351657 0.4603147 0.3457776 0.3017686 0.4833606 0.2414285 0.1332027 0.0000000 0.0616419 0.3662315 0.3687962 0.2196944 0.4516569 0.3768710 0.2841828 0.2242060 0.1669788 0.3851923 0.3942021 0.1866452 0.3976658 
Euleptes_europaea            1.3306624 0.5328892 0.2473339 0.2577454 0.2611504 0.2608798 0.2564561 0.2549507 0.2579658 0.2582851 0.2275085 0.2444106 0.1126804 0.0913518 0.0616419 0.0000000 0.2183668 0.2083040 0.2140111 0.2058653 0.1594993 0.2041637 0.1856355 0.1739964 0.1858818 0.1933744 0.1852243 0.1915618 
Anolis_carolinensis          1.4505897 0.7386277 0.2209351 0.2210966 0.4349231 0.4407276 0.2395670 0.2187759 0.4164324 0.3313188 0.2689560 0.4422002 0.3062528 0.1964456 0.3662315 0.2183668 0.0000000 0.0999425 0.1607752 0.2924945 0.3295982 0.2444213 0.1801600 0.1398651 0.3458112 0.3366170 0.1666965 0.3444355 
Anolis_sagrei                1.4292208 0.7719773 0.2281397 0.2311127 0.4529108 0.4406590 0.2613579 0.2303334 0.4493150 0.3574406 0.2814658 0.4500724 0.3111561 0.2000038 0.3687962 0.2083040 0.0999425 0.0000000 0.1728658 0.2878979 0.3365672 0.2488204 0.1867556 0.1445782 0.3584909 0.3630523 0.1737800 0.3563349 
Pogona_vitticeps             1.3938661 0.7603843 0.2080622 0.2095851 0.2350964 0.2312423 0.2195619 0.2114880 0.2269050 0.2318926 0.2687953 0.2263258 0.1882903 0.1873978 0.2196944 0.2140111 0.1607752 0.1728658 0.0000000 0.1892166 0.2539658 0.1926072 0.1485505 0.5204158 0.1872469 0.1951457 0.1492098 0.1892517 
Sceloporus_undulatus         1.5317808 0.8431913 0.2099054 0.2093759 0.6091969 0.5779387 0.2785094 0.2184640 0.5873015 0.4723617 0.3673034 0.5919258 0.5005978 0.2277760 0.4516569 0.2058653 0.2924945 0.2878979 0.1892166 0.0000000 0.5005565 0.2597383 0.2346503 0.1344047 0.5630579 0.5513733 0.1982077 0.5659423 
Hemicordylus_capensis        1.4703586 0.8616974 0.1939123 0.1964502 0.4978386 0.4800010 0.1933944 0.1926938 0.4478158 0.3426276 0.3194080 0.4438857 0.3158559 0.1662783 0.3768710 0.1594993 0.3295982 0.3365672 0.2539658 0.5005565 0.0000000 0.2302603 0.1624052 0.2185609 0.3985093 0.4155077 0.1343791 0.3932183 
Varanus_komodoensis          1.4137302 0.7047815 0.2051566 0.2065842 0.3280492 0.3216135 0.2467146 0.2055111 0.3160539 0.3123114 0.2955511 0.3256447 0.2812908 0.2395668 0.2841828 0.2041637 0.2444213 0.2488204 0.1926072 0.2597383 0.2302603 0.0000000 0.1574376 0.1309825 0.2506965 0.2619849 0.1661490 0.2529153 
Elgaria_multicarinata        1.4261992 0.6862534 0.1865329 0.1939634 0.2487934 0.2412241 0.2108945 0.1996956 0.2302181 0.2324820 0.2034385 0.2333221 0.2092321 0.1918881 0.2242060 0.1856355 0.1801600 0.1867556 0.1485505 0.2346503 0.1624052 0.1574376 0.0000000 0.1101999 0.1818353 0.1907479 0.1335568 0.1855200 
Rhineura_floridana           1.3013965 0.7155693 0.1910325 0.1952881 0.2116736 0.2057982 0.2040600 0.1969119 0.2031957 0.2020842 0.2352322 0.2037412 0.1675315 0.1745327 0.1669788 0.1739964 0.1398651 0.1445782 0.5204158 0.1344047 0.2185609 0.1309825 0.1101999 0.0000000 0.1179778 0.1216419 0.1050444 0.1160271 
Podarcis_muralis             1.3456991 0.8655362 0.2248758 0.2295814 0.5630772 0.5633453 0.2430555 0.2341870 0.5038064 0.3814454 0.3106353 0.5069756 0.3681172 0.2031138 0.3851923 0.1858818 0.3458112 0.3584909 0.1872469 0.5630579 0.3985093 0.2506965 0.1818353 0.1179778 0.0000000 0.0412112 0.0266514 0.0519915 
Podarcis_raffonei            1.3570918 0.8587350 0.2309992 0.2378319 0.5764809 0.5951664 0.2437078 0.2366590 0.5177573 0.3890915 0.3168093 0.5071633 0.3538354 0.2016847 0.3942021 0.1933744 0.3366170 0.3630523 0.1951457 0.5513733 0.4155077 0.2619849 0.1907479 0.1216419 0.0412112 0.0000000 0.0284033 0.0778259 
Lacerta_agilis               1.3551081 0.5796084 0.1949559 0.2018393 0.2124681 0.2162864 0.2393606 0.2140749 0.2148842 0.2090815 0.1973233 0.2016413 0.1699282 0.1716211 0.1866452 0.1852243 0.1666965 0.1737800 0.1492098 0.1982077 0.1343791 0.1661490 0.1335568 0.1050444 0.0266514 0.0284033 0.0000000 0.0235315 
Zootoca_vivipara             1.3563257 0.8829580 0.2289231 0.2336672 0.5800638 0.5779766 0.2393515 0.2385384 0.5271480 0.3947641 0.3246784 0.5215640 0.3800300 0.2136219 0.3976658 0.1915618 0.3444355 0.3563349 0.1892517 0.5659423 0.3932183 0.2529153 0.1855200 0.1160271 0.0519915 0.0778259 0.0235315 0.0000000 
